Number of communities: 8
Community 0: 65 points
Nodes in Community 0: [0, 1, 17, 18, 73, 74, 85, 120, 146, 177, 215, 218, 219, 220, 221, 222, 223, 224, 225, 226, 227, 228, 248, 268, 297, 301, 307, 309, 310, 311, 312, 313, 314, 315, 316, 317, 330, 331, 341, 435, 459, 507, 537, 560, 615, 623, 628, 647, 686, 685, 730, 740, 742, 743, 748, 758, 762, 776, 519, 853, 886, 901, 923, 960, 983]
Community 1: 149 points
Nodes in Community 1: [2, 3, 4, 5, 6, 54, 55, 56, 57, 58, 59, 63, 88, 89, 102, 126, 131, 132, 137, 138, 158, 159, 174, 175, 192, 193, 194, 195, 209, 210, 211, 208, 233, 234, 235, 236, 237, 238, 239, 240, 241, 242, 243, 244, 252, 271, 285, 286, 281, 302, 303, 304, 305, 319, 369, 373, 411, 412, 481, 408, 516, 517, 520, 528, 532, 552, 564, 571, 585, 586, 598, 600, 603, 609, 618, 621, 624, 632, 633, 637, 635, 630, 659, 676, 688, 700, 705, 706, 675, 629, 723, 724, 729, 734, 739, 746, 757, 767, 771, 785, 788, 789, 790, 634, 793, 796, 807, 813, 823, 826, 830, 835, 840, 644, 844, 845, 846, 847, 857, 860, 861, 865, 867, 869, 879, 880, 882, 883, 902, 905, 907, 908, 909, 911, 912, 704, 930, 944, 958, 963, 969, 971, 972, 974, 975, 976, 747, 982, 985]
Community 2: 96 points
Nodes in Community 2: [7, 8, 9, 11, 12, 19, 43, 44, 141, 161, 213, 246, 247, 264, 265, 266, 267, 293, 324, 332, 358, 359, 360, 362, 365, 374, 406, 407, 421, 430, 441, 451, 452, 466, 487, 488, 496, 498, 499, 500, 501, 502, 503, 504, 505, 506, 510, 525, 529, 530, 533, 555, 558, 565, 566, 569, 570, 573, 601, 607, 646, 655, 660, 665, 667, 689, 690, 696, 708, 717, 726, 738, 749, 761, 786, 787, 804, 808, 811, 814, 825, 837, 874, 893, 894, 903, 931, 932, 937, 938, 948, 952, 953, 954, 956, 977]
Community 3: 257 points
Nodes in Community 3: [10, 16, 20, 21, 22, 42, 49, 50, 62, 66, 67, 68, 69, 70, 71, 72, 77, 78, 79, 80, 81, 82, 83, 84, 86, 87, 90, 91, 92, 105, 106, 107, 108, 109, 110, 111, 112, 117, 118, 121, 127, 134, 142, 144, 145, 147, 152, 153, 154, 155, 162, 163, 166, 173, 186, 187, 188, 189, 190, 212, 217, 230, 249, 253, 254, 255, 256, 258, 259, 260, 279, 282, 287, 288, 298, 299, 300, 306, 325, 326, 327, 328, 329, 340, 355, 356, 357, 184, 363, 364, 366, 372, 375, 400, 405, 410, 416, 418, 419, 420, 422, 424, 431, 432, 433, 434, 453, 454, 460, 462, 463, 465, 467, 469, 471, 472, 473, 474, 475, 476, 477, 478, 480, 482, 490, 492, 495, 497, 508, 509, 512, 513, 514, 518, 521, 524, 489, 531, 535, 536, 538, 539, 540, 541, 546, 548, 549, 550, 551, 553, 554, 559, 561, 577, 578, 581, 582, 588, 590, 593, 595, 596, 597, 605, 606, 611, 612, 613, 614, 625, 626, 636, 639, 640, 641, 648, 649, 650, 657, 661, 664, 666, 619, 670, 671, 681, 683, 663, 691, 692, 699, 701, 703, 711, 714, 716, 719, 725, 728, 645, 731, 732, 736, 750, 751, 753, 755, 760, 763, 766, 770, 775, 779, 781, 782, 756, 792, 693, 799, 806, 809, 812, 815, 818, 829, 722, 834, 836, 839, 843, 848, 858, 866, 868, 870, 871, 875, 877, 892, 904, 913, 915, 922, 925, 926, 927, 933, 935, 939, 943, 947, 949, 950, 965, 970, 980, 984]
Community 4: 108 points
Nodes in Community 4: [13, 23, 24, 25, 26, 27, 28, 29, 30, 31, 32, 33, 34, 35, 36, 37, 38, 39, 40, 47, 48, 75, 76, 96, 113, 114, 115, 116, 119, 123, 135, 136, 151, 165, 169, 170, 171, 229, 245, 251, 261, 318, 333, 336, 337, 338, 339, 361, 263, 367, 370, 417, 423, 427, 436, 437, 438, 439, 442, 443, 444, 455, 470, 485, 494, 527, 545, 547, 587, 589, 409, 608, 651, 677, 709, 710, 712, 713, 737, 741, 768, 778, 797, 828, 841, 856, 859, 862, 864, 872, 873, 876, 878, 881, 895, 896, 900, 906, 934, 945, 957, 959, 961, 962, 964, 967, 968, 978]
Community 5: 182 points
Nodes in Community 5: [14, 41, 51, 53, 64, 65, 93, 94, 95, 122, 128, 129, 130, 133, 143, 148, 149, 156, 160, 167, 168, 172, 176, 178, 180, 183, 191, 196, 197, 198, 199, 200, 201, 202, 203, 204, 205, 206, 207, 214, 231, 232, 257, 270, 275, 276, 278, 280, 284, 289, 290, 291, 292, 294, 342, 277, 262, 343, 344, 345, 346, 347, 348, 349, 350, 351, 352, 399, 401, 402, 403, 413, 425, 426, 440, 445, 450, 457, 458, 464, 468, 483, 484, 486, 493, 511, 515, 522, 523, 526, 534, 542, 543, 544, 556, 557, 563, 567, 568, 572, 574, 575, 576, 580, 583, 592, 562, 599, 604, 610, 620, 584, 652, 658, 669, 673, 674, 679, 680, 682, 684, 695, 702, 715, 718, 720, 643, 733, 735, 622, 759, 769, 772, 773, 774, 780, 783, 784, 794, 795, 456, 798, 801, 802, 803, 805, 810, 816, 817, 821, 694, 824, 827, 831, 832, 833, 838, 842, 851, 852, 854, 855, 863, 884, 887, 888, 889, 890, 891, 898, 899, 917, 919, 920, 921, 936, 946, 951, 955, 973, 979, 981]
Community 6: 56 points
Nodes in Community 6: [15, 45, 46, 97, 98, 99, 100, 101, 124, 125, 139, 140, 164, 185, 216, 269, 272, 273, 274, 322, 323, 334, 335, 353, 354, 371, 404, 428, 429, 446, 447, 448, 461, 579, 591, 616, 617, 638, 642, 653, 656, 668, 678, 697, 698, 721, 744, 752, 754, 777, 800, 819, 910, 914, 916, 918]
Community 7: 73 points
Nodes in Community 7: [52, 60, 61, 103, 104, 150, 157, 179, 181, 182, 250, 283, 295, 296, 308, 320, 321, 368, 376, 377, 378, 379, 380, 381, 382, 383, 384, 385, 386, 387, 388, 389, 390, 391, 392, 393, 394, 395, 396, 397, 398, 414, 415, 449, 479, 491, 594, 602, 627, 662, 672, 687, 707, 727, 631, 745, 764, 765, 654, 791, 820, 822, 849, 850, 885, 897, 924, 928, 929, 940, 941, 942, 966]
