Community 0: 3,4,5,518,7,517,10,11,12,525,14,526,529,20,23,24,536,29,543,545,34,35,548,547,33,40,41,557,48,56,58,60,63,65,67,581,69,582,588,595,87,90,603,608,100,104,619,115,117,119,124,131,135,145,146,151,163,169,179,185,189,190,191,194,195,205,212,224,226,227,228,234,235,237,238,242,245,248,249,250,254,257,259,264,266,270,273,274,285,287,291,293,305,323,325,327,329,336,339,342,349,357,372,377,384,385,388,394,403,404,408,410,412,414,416,418,421,429,444,445,446,450,469,473,478,484,486,491,495,498,501,503,508
Community 1: 516,6,15,16,17,18,527,19,21,22,26,27,28,30,31,552,553,43,558,49,561,565,570,573,579,70,72,585,586,593,599,89,610,613,618,107,123,125,126,128,143,147,157,160,166,167,170,173,174,181,187,192,197,203,204,208,229,230,241,258,277,289,303,308,310,311,318,324,326,340,343,347,352,353,355,363,373,374,380,381,387,399,400,419,420,423,424,435,436,441,454,462,465,481,505
Community 2: 512,520,137,397,275,406,282,538,154,158,544,417,161,162,39,168,42,171,44,301,46,47,176,50,562,180,52,53,55,437,443,188,62,321,577,578,196,452,68,71,330,331,202,459,78,209,594,467,83,210,86,214,470,475,604,225,483,102,360,109,110,494,240,496,113,243,500,121,122,252,253,382
Community 3: 513,261,133,390,393,138,13,528,531,407,409,290,292,297,298,302,175,307,563,571,575,448,576,451,456,458,587,77,207,80,81,82,592,84,85,598,215,600,219,477,612,485,251,118,379,510,511
Community 4: 392,136,139,141,148,537,411,36,37,38,295,431,439,57,59,61,66,580,198,457,333,338,344,601,88,474,350,606,97,609,615,616,617,490,489,487,244
Community 5: 514,395,149,155,539,541,415,164,165,177,178,309,54,569,572,75,460,79,335,337,466,463,596,468,472,476,221,356,368,502,246,127
Community 6: 519,263,271,401,402,405,534,284,426,560,566,312,316,322,199,74,589,334,213,341,471,216,218,346,605,607,99,236,365,247,506,255
Community 7: 256,389,134,521,522,535,152,427,559,433,184,319,320,200,201,597,348,220,222,480,358,232,105,106,362,366,111,112,114,120,383
Community 8: 0,1,2,132,391,8,265,9,398,530,276,278,540,288,425,554,555,434,182,583,76,206,345,98,611,231,233,367,369
Community 9: 140,144,150,279,280,281,156,422,172,304,51,564,438,568,314,574,64,455,332,461,602,354,239
Community 10: 262,396,25,542,549,432,306,440,442,317,453,328,73,591,361,370,499,376,507,509
Community 11: 515,524,269,142,532,159,32,546,300,45,430,183,313,315,449,193,101,488,364,504
Community 12: 129,130,153,223,260,550,359,351,584,493,590,116,533,375,217,283,479
Community 13: 96,614,103,551,523,492,108,378,211,567,94,186,91,92,93,413,95
Community 14: 482,296,267,268,272,497
Community 15: 294,299,464,286,447
Community 16: 371,556
Community 17: 386,428
