Number of communities: 18
Community 0: 29 points
Nodes in Community 0: [0, 276, 132, 398, 555, 42, 467, 52, 113, 494, 559, 358, 319, 222, 522, 125, 565, 308, 423, 149, 192, 371, 194, 619, 226, 365, 296, 598, 332]
Community 1: 101 points
Nodes in Community 1: [58, 603, 1, 611, 2, 182, 345, 557, 227, 90, 151, 394, 35, 289, 131, 446, 229, 56, 20, 324, 355, 481, 238, 160, 257, 157, 558, 536, 195, 87, 383, 389, 597, 338, 601, 439, 615, 198, 37, 321, 102, 360, 577, 544, 53, 122, 116, 479, 359, 130, 217, 60, 350, 616, 617, 302, 59, 372, 325, 531, 451, 175, 580, 136, 413, 111, 366, 404, 135, 510, 458, 386, 281, 422, 568, 239, 604, 167, 177, 463, 203, 435, 207, 589, 370, 442, 453, 396, 361, 554, 247, 283, 260, 294, 298, 314, 391, 607, 399, 197, 378]
Community 2: 61 points
Nodes in Community 2: [265, 4, 287, 336, 454, 432, 18, 408, 418, 581, 143, 599, 277, 32, 364, 159, 300, 397, 44, 330, 375, 80, 138, 261, 221, 97, 134, 114, 200, 201, 184, 120, 133, 407, 456, 251, 140, 172, 161, 166, 246, 436, 549, 233, 322, 560, 271, 312, 346, 349, 384, 309, 464, 268, 482, 303, 575, 564, 600, 506, 489]
Community 3: 34 points
Nodes in Community 3: [3, 608, 377, 40, 450, 484, 299, 65, 185, 228, 17, 285, 41, 266, 449, 193, 411, 344, 333, 538, 240, 594, 62, 121, 282, 392, 433, 553, 168, 356, 273, 236, 341, 272]
Community 4: 33 points
Nodes in Community 4: [352, 258, 13, 25, 363, 169, 526, 552, 517, 181, 519, 462, 224, 235, 403, 388, 109, 244, 61, 569, 320, 368, 472, 476, 262, 376, 443, 470, 286, 499, 401, 590, 468]
Community 5: 80 points
Nodes in Community 5: [254, 293, 434, 9, 317, 288, 206, 249, 593, 550, 89, 15, 340, 248, 570, 189, 107, 23, 465, 67, 351, 70, 505, 43, 242, 128, 343, 54, 269, 183, 34, 419, 373, 208, 39, 83, 46, 417, 86, 578, 110, 50, 171, 562, 275, 68, 584, 245, 291, 323, 440, 445, 410, 416, 205, 72, 170, 473, 342, 155, 82, 409, 576, 88, 474, 92, 186, 455, 162, 610, 406, 202, 459, 250, 426, 509, 588, 528, 381, 592]
Community 6: 31 points
Nodes in Community 6: [5, 503, 16, 516, 119, 400, 545, 334, 237, 374, 117, 274, 613, 466, 75, 21, 441, 329, 84, 101, 124, 311, 152, 144, 150, 382, 137, 284, 263, 609, 353]
Community 7: 37 points
Nodes in Community 7: [6, 429, 163, 486, 478, 8, 278, 73, 98, 369, 10, 393, 618, 74, 295, 471, 216, 99, 431, 535, 220, 362, 427, 561, 176, 173, 301, 497, 190, 204, 540, 215, 405, 402, 234, 304, 415]
Community 8: 71 points
Nodes in Community 8: [518, 27, 424, 31, 543, 357, 507, 508, 491, 595, 63, 327, 48, 179, 546, 142, 524, 488, 515, 315, 504, 118, 430, 164, 165, 127, 395, 596, 79, 448, 335, 307, 572, 313, 45, 532, 38, 47, 475, 500, 139, 602, 414, 85, 292, 100, 480, 256, 348, 123, 347, 585, 191, 199, 316, 566, 255, 421, 612, 328, 297, 19, 428, 487, 457, 579, 513, 573, 586, 541, 551]
Community 9: 6 points
Nodes in Community 9: [7, 305, 339, 444, 583, 106]
Community 11: 42 points
Nodes in Community 11: [498, 22, 270, 187, 104, 420, 253, 148, 64, 146, 469, 69, 385, 81, 290, 563, 460, 91, 93, 103, 567, 94, 614, 232, 112, 529, 412, 354, 153, 337, 514, 225, 493, 231, 425, 582, 587, 571, 387, 530, 390, 511]
Community 12: 17 points
Nodes in Community 12: [11, 212, 485, 264, 380, 174, 259, 14, 326, 57, 525, 115, 145, 241, 318, 447, 606]
Community 16: 33 points
Nodes in Community 16: [12, 548, 310, 243, 36, 490, 180, 496, 331, 209, 520, 55, 210, 158, 154, 437, 252, 78, 452, 214, 105, 521, 129, 223, 533, 33, 534, 218, 542, 267, 477, 219, 556]
Community 14: 21 points
Nodes in Community 14: [24, 547, 230, 502, 306, 501, 591, 26, 28, 147, 527, 30, 126, 95, 492, 523, 605, 108, 438, 279, 213]
Community 15: 10 points
Nodes in Community 15: [29, 49, 512, 71, 196, 188, 495, 178, 539, 367]
Community 17: 3 points
Nodes in Community 17: [483, 156, 76]
Community 10: 5 points
Nodes in Community 10: [537, 77, 379, 96, 211]
Community 13: 6 points
Nodes in Community 13: [66, 141, 461, 51, 280, 574]
